750
339 341
947 949
105 108
226 227
695 696
198 199
173 175
818 824
466 469
343 344
153 155
753 758
906
500
825 828
564 566
131 133
359 363
409 410
320
102 104
684 685
584
501 503
894 897
937 940
638
325
644
309
91 93
832 833
539
210
406
742
951
570
241
678
747
668 670
912 915
579 580
562 563
890
29
329
972
275
192
1
998
372 373
121
201
396
411
292
792
969
593
232
641
308
952 953
595 598
254
640
877
804
167
149
59 61
240
456
294
864
786
349
389
699 700
631 632
555
57 58
278
380
33
772
267
692
282
687
326
791
771
80 82
374
425
412
236 237
987
64 65
433
41
354
536
147 150
929 930
441
360
473
364
733
515
959
914
448
107
212
624 625
310 318
875
538
122
537 542
270 271
265
297 304
68 69
296
479
938
554
517 518
629
543 544
686 689
672
245
148
777
209
63
505
302
367
398 399
680
56
827
300
89
446
924
261
884 885
870
263 264
642
530
123 124
734
649
342
675 676
243 244
15 18
849
693
621
520
312
764
803
485
13
606
230
497
523 524
601 603
756
423
277
361
770 773
451
745
220
790
362
985 988
141
187
429
19
106
510 511
11
793 794
203
21
860
866 868
572 573
902 903
393
859
324 327
116 117
812
887
724
189
927 928
139
802
575
970
470 471
464 465
831
559
477
330 331
394 395
620 622
850
853 856
135
16
114 115
808 810
990 991
463
905
211
925
728
533
899
239
180 182
980 981
381
848
531
313
401 402
775
22
9
60
197
961 965
193
994
916 918
922
880
78
811
720 721
519
235
840 841
66 67
256 257
303
27 30
851
697 698
886
708
214 215
681 683
375 376
504
166
434 437
5
652
276
42
829
878
852
208
36 37
739
919 920
639
647
561
509
557
799
453
618 619
722
978
615 617
54 55
986
948
346
592
249 250
931
971
616
75
945 946
690
797 798
46 47
904 909
667
71 72
125
421
156 157
882 883
913
837 838
607 608
766
646
92
442
844
151 152
31 32
483
154
701 703
891 892
521 522
748
400
274
944
323
305
665 666
6 8
704
174
120
779
657 659
732
565
650
762 763
444 445
755
184
541
942
186
757
129 130
111
774 781
377
879 881
404
546
118 119
0 2
62
213
656
651 653
910 911
489
110
293
900
749 750
548 552
962
719
440
142
822
843
589 590
821
379
854
206 207
10 12
163 165
321 322
597
284
491
976
319
238 242
679
819
658
787
895
420
301
488
126 128
594
132
311
447 449
113
287
846 847
939
526
229
14
112
177
845
712
431
508
574
807
540
842
682
813 814
836
225
967 968
98
140
673 674
136
315
218 221
48
935
751 752
782 783
188 190
534 535
418 419
52 53
954
171 172
422 424
127
365 366
50
83
426 427
729
549
588
345 350
545 547
369
941 943
655
776
671
788 789
982 984
134 137
382 383
35
358
233
455 458
873 876
39
989
556
591
512 513
452 454
726 731
368 371
718
599 600
202
468
158 160
351
357
317
691
486
170
746
283
637 643
809
921
86 88
472
725
907
347
893
626
164
780
955
219
741
611
348
439
103
286
386 388
299
525 527
99 101
550
217
553 558
450
81
462
707
857 858
964
605
516
268
435
252 253
144 146
677
228
87
223 224
484 487
413 414
416
332
778
340
932 934
923
494 495
583 585
933
356
992
337 338
246 248
70
378
428 432
628 630
694
258
688
714 715
839
178
279
898 901
785
96 97
457
415 417
273 280
874
496 498
289 290
997
109
820
181
730
736
316
889
966
983
645
569
710 711
861 862
191 195
179
194
467
815
353 355
869
514
222
480
896
706
888
702
648
743
532
499
723
627
266 269
863
403 405
956 957
795 796
328
568 571
926
754
298
581 582
20 26
34
577 578
159
370
23
958 960
161 162
977 979
917
247
255
855
25
602
333
430
507
609 612
272
314
90
84 85
975
705 709
506
334
586 587
662 664
205
76 79
17
387
138 143
613
727
390 392
259 262
200 204
716 717
800 801
73
633 634
43
459 461
660 661
335 336
281
438 443
391
908
950
397
623
502
830
740 744
867
767
260
24
761
352
759 760
528 529
74
100
826
493
551
816 817
49 51
993 995
768
145
834 835
196
436
973 974
669
865
654
784
460
823
4
963
7
614
176
28
871 872
94 95
285 288
474 475
490 492
407 408
735 737
231 234
384 385
765 769
610
291 295
3
576
560
216
476 478
45
168 169
40 44
481 482
936
635 636
738
996 999
567
596
251
663
604
713
306 307
77
805 806
183 185
38
